#ID	transcript_length	peptide_length	Fickett_score	pI	ORF_integrity	coding_probability	label
MN844008.1	353	31	0.38659	8.538402366638184	1	0.00917829	noncoding
FJ874955.1	925	46	0.34173	4.180985450744628	1	0.0339964	noncoding
EU814691.1	986	46	0.38203	4.180985450744628	1	0.0484427	noncoding
MN481105.1	520	46	0.34546	4.180985450744628	1	0.0346209	noncoding
AF193976.1	1577	119	0.33725	9.213837623596191	1	0.262932	noncoding
EU814652.1	675	27	0.28236	11.165940284729004	1	0.0188509	noncoding
MN481103.1	520	46	0.34546	4.180985450744628	1	0.0346209	noncoding
AB331256.1	701	52	0.41134	11.841826820373537	1	0.0474544	noncoding
KX270946.1	258	52	0.41216	11.999967765808105	1	0.0453374	noncoding
EU814682.1	758	34	0.29626	4.784558677673339	1	0.0155803	noncoding
EU814673.1	365	19	0.33621999999999996	10.383809852600098	-1	0.16603	noncoding
FJ497035.1	259	52	0.41216	11.910679054260253	1	0.0468698	noncoding
DQ008931.1	939	46	0.34944000000000003	4.180985450744628	1	0.0354512	noncoding
FJ874957.1	925	46	0.34173	4.180985450744628	1	0.0339964	noncoding
FJ874997.1	778	46	0.34158	9.298935890197754	1	0.0178161	noncoding
MH069865.1	315	11	0.42512999999999995	4.0500284194946286	1	0.00818261	noncoding
GS927771.1	362	25	0.40940999999999994	11.602068901062015	1	0.0163295	noncoding
FJ874953.1	925	46	0.34173	4.180985450744628	1	0.0339964	noncoding
FJ874991.1	779	46	0.33786000000000005	9.298935890197754	1	0.0175477	noncoding
KX270941.1	258	52	0.41216	11.999967765808105	1	0.0453374	noncoding
DQ008942.1	795	21	0.30651	11.165940284729004	1	0.0132298	noncoding
HO002046.1	495	38	0.34742	10.834314918518068	1	0.0191586	noncoding
GQ247894.1	680	28	0.2545	9.524575233459473	1	0.0159881	noncoding
EU814676.1	360	14	0.36791999999999997	10.675916099548338	-1	0.142431	noncoding
MN481106.1	520	46	0.34546	4.180985450744628	1	0.0346209	noncoding
FJ874954.1	925	46	0.34173	4.180985450744628	1	0.0339964	noncoding
FJ874995.1	779	46	0.33786000000000005	9.298935890197754	1	0.0175477	noncoding
MN481087.1	520	46	0.34546	4.180985450744628	1	0.0346209	noncoding
FJ497029.1	272	2	0.40104	4.596478462219238	-1	0.00842907	noncoding
FJ497036.1	259	52	0.41216	11.999967765808105	1	0.0453374	noncoding
MN481102.1	520	46	0.34546	4.180985450744628	1	0.0346209	noncoding
FJ874974.1	305	13	0.31434	5.275022315979004	1	0.00336838	noncoding
FJ874973.1	304	13	0.37276	5.275022315979004	1	0.00318317	noncoding
FJ874992.1	778	46	0.34158	9.298935890197754	1	0.0178161	noncoding
AJ441159.1	980	46	0.36153	4.180985450744628	1	0.0389977	noncoding
DQ008923.1	938	46	0.35819	4.180985450744628	1	0.0378648	noncoding
DQ629345.1	2673	106	0.30794	10.346418190002439	1	0.119348	noncoding
KX270947.1	258	52	0.41216	11.999967765808105	1	0.0453374	noncoding
KX270948.1	258	52	0.41216	11.999967765808105	1	0.0453374	noncoding
MN481091.1	520	46	0.34546	4.180985450744628	1	0.0346209	noncoding
HO002044.1	250	32	0.40321999999999997	5.060170936584471	1	0.0147214	noncoding
HO002038.1	378	25	0.43852	8.36614284515381	1	0.0095643	noncoding
KX270945.1	258	52	0.41216	11.999967765808105	1	0.0453374	noncoding
FJ497034.1	258	57	0.37546	11.236404228210446	1	0.044625	noncoding
MN481095.1	520	46	0.34546	4.180985450744628	1	0.0346209	noncoding
MN481085.1	520	46	0.34546	4.180985450744628	1	0.0346209	noncoding
MN481099.1	520	46	0.34546	4.180985450744628	1	0.0346209	noncoding
FJ874952.1	925	46	0.34173	4.180985450744628	1	0.0339964	noncoding
KY537278.1	594	57	0.45772999999999997	6.514169120788575	-1	0.0261008	noncoding
DQ008932.1	934	46	0.36284000000000005	4.180985450744628	1	0.0394738	noncoding
FJ874996.1	778	46	0.34158	9.298935890197754	1	0.0178161	noncoding
DQ008947.1	804	21	0.27781	11.165940284729004	1	0.0176653	noncoding
MN481100.1	520	46	0.34546	4.180985450744628	1	0.0346209	noncoding
MN481096.1	520	46	0.34546	4.180985450744628	1	0.0346209	noncoding
MN481084.1	520	46	0.34546	4.180985450744628	1	0.0346209	noncoding
EU814694.1	872	46	0.3461	4.180985450744628	1	0.034743	noncoding
AF123828.1	503	40	0.42028	10.736709785461429	1	0.0346924	noncoding
JF708224.1	660	43	0.40481	6.790633964538574	1	0.0173565	noncoding
HO002037.1	307	71	0.43944999999999995	9.519095420837402	-1	0.0867482	noncoding
FJ874994.1	779	46	0.33786000000000005	9.298935890197754	1	0.0175477	noncoding
MN481083.1	520	46	0.34546	4.180985450744628	1	0.0346209	noncoding
EU814693.1	946	46	0.34944000000000003	4.180985450744628	1	0.0354512	noncoding
EU814675.1	448	25	0.31744	10.383809852600098	1	0.01127	noncoding
EU814683.1	764	34	0.29626	4.784558677673339	1	0.0155803	noncoding
GQ248235.1	378	15	0.40118000000000004	10.221994209289551	1	0.00801252	noncoding
FJ874950.1	925	46	0.34173	4.180985450744628	1	0.0339964	noncoding
AF123785.1	1273	115	0.4418	11.033844566345213	-1	0.20997	noncoding
GS927769.1	621	36	0.42504	4.225490379333496	1	0.0386598	noncoding
FJ874993.1	779	46	0.33786000000000005	9.298935890197754	1	0.0175477	noncoding
MN481089.1	520	46	0.34546	4.180985450744628	1	0.0346209	noncoding
LC461852.1	346	13	0.39903999999999995	5.275022315979004	1	0.00377793	noncoding
MN481101.1	520	46	0.34546	4.180985450744628	1	0.0346209	noncoding
GQ248404.1	399	39	0.38534	9.987973976135255	1	0.0203113	noncoding
EU814685.1	763	34	0.29626	4.784558677673339	1	0.0155803	noncoding
KM103387.1	1740	53	0.39071000000000006	8.180796241760255	1	0.0279675	noncoding
KU127420.1	1221	75	0.46961	5.99198932647705	1	0.19524	noncoding
MN481088.1	520	46	0.34546	4.180985450744628	1	0.0346209	noncoding
AY590840.1	935	24	0.32213	6.808822441101075	1	0.0042965	noncoding
KX270944.1	258	52	0.41216	11.999967765808105	1	0.0453374	noncoding
MN481090.1	520	46	0.34546	4.180985450744628	1	0.0346209	noncoding
MN481098.1	520	46	0.34546	4.180985450744628	1	0.0346209	noncoding
FJ874971.1	304	13	0.37276	5.275022315979004	1	0.00318317	noncoding
FJ497037.1	258	52	0.41216	11.999967765808105	1	0.0453374	noncoding
GQ434763.1	258	52	0.41216	11.999967765808105	1	0.0453374	noncoding
EU814674.1	455	25	0.33539	10.383809852600098	1	0.0108751	noncoding
MN481092.1	520	46	0.34546	4.180985450744628	1	0.0346209	noncoding
HO002049.1	682	55	0.4213100000000001	7.909255409240723	-1	0.0381527	noncoding
DQ008817.1	2485	46	0.3216	11.253810691833493	1	0.0247296	noncoding
MN481094.1	520	46	0.34546	4.180985450744628	1	0.0346209	noncoding
AY214463.1	695	111	0.38144999999999996	9.721526145935059	1	0.3481	noncoding
HO002040.1	422	64	0.41842000000000007	6.813767433166503	1	0.0681013	noncoding
MN844020.1	440	46	0.36391	4.180985450744628	1	0.0398759	noncoding
FJ874956.1	925	46	0.34173	4.180985450744628	1	0.0339964	noncoding
DQ008894.1	506	24	0.36278	5.2654733657836905	1	0.00593323	noncoding
KX270942.1	258	52	0.41216	11.999967765808105	1	0.0453374	noncoding
L24078.1	1761	96	0.42728	9.505685997009277	1	0.366503	noncoding
GQ435387.1	377	17	0.37564	10.53492374420166	1	0.00863149	noncoding
DQ008900.1	463	25	0.41072	10.218255043029785	1	0.0138294	noncoding
FJ874970.1	303	13	0.37642	5.275022315979004	1	0.00324865	noncoding
EU814684.1	772	34	0.29626	4.784558677673339	1	0.0155803	noncoding
DQ008948.1	768	22	0.30003	11.21964244842529	1	0.0144242	noncoding
DQ008915.1	875	38	0.37937000000000004	9.1513032913208	1	0.0147513	noncoding
FJ874990.1	778	46	0.34158	9.298935890197754	1	0.0178161	noncoding
EU814651.1	689	27	0.31106	11.165940284729004	1	0.0150358	noncoding
FJ497028.1	272	2	0.40104	4.596478462219238	-1	0.00842907	noncoding
FJ874975.1	304	13	0.37276	5.275022315979004	1	0.00318317	noncoding
MN481093.1	520	46	0.34546	4.180985450744628	1	0.0346209	noncoding
AY054742.1	991	46	0.28303	4.180985450744628	1	0.0523796	noncoding
HO002043.1	362	40	0.44411	9.894108009338382	-1	0.0761424	noncoding
GS927770.1	656	43	0.42062	7.980235099792481	1	0.0208617	noncoding
DQ008910.1	874	38	0.30494	9.1513032913208	1	0.0120318	noncoding
MN481097.1	520	46	0.34546	4.180985450744628	1	0.0346209	noncoding
DQ008899.1	517	25	0.34336	10.383809852600098	1	0.0108446	noncoding
FJ874951.1	925	46	0.34173	4.180985450744628	1	0.0339964	noncoding
FJ874972.1	304	13	0.353	5.275022315979004	1	0.00295627	noncoding
FJ874977.1	304	13	0.353	5.275022315979004	1	0.00295627	noncoding
DQ008853.1	898	88	0.33229	11.658543205261232	1	0.0764746	noncoding
DQ629453.1	1460	41	0.32127	11.722947120666507	1	0.0215236	noncoding
EU814692.1	585	46	0.37363	4.180985450744628	1	0.0440673	noncoding
MN481086.1	520	46	0.34546	4.180985450744628	1	0.0346209	noncoding
MN481104.1	520	46	0.34546	4.180985450744628	1	0.0346209	noncoding
KX270943.1	258	52	0.41216	11.999967765808105	1	0.0453374	noncoding
FJ874976.1	304	13	0.353	5.275022315979004	1	0.00295627	noncoding
FJ497030.1	220	2	0.42633000000000004	4.596478462219238	-1	0.00930011	noncoding
HO002050.1	435	39	0.41934	5.945210838317871	1	0.0182037	noncoding
DQ008916.1	875	38	0.36251	9.1513032913208	1	0.013355	noncoding
AH003487.2	1425	65	0.37401999999999996	10.5670934677124	1	0.0600836	noncoding
KY532774.1	642	88	0.46879	10.620408821105958	1	0.516692	coding
MN038137.1	258	52	0.41216	11.999967765808105	1	0.0453374	noncoding
